Some((
    red: 0.21532401,
    green: 0.34602666,
    blue: 0.50456095,
    alpha: 1.0,
))