Some((
    red: 0.9607843,
    green: 0.96862745,
    blue: 0.98039216,
    alpha: 1.0,
))