Some((
    red: 0.6039216,
    green: 0.30980393,
    blue: 0.3372549,
))