Some((
    red: 0.2901961,
    green: 0.33333334,
    blue: 0.40784314,
))