Some((
    red: 0.50980395,
    green: 0.59607846,
    blue: 0.4392157,
))