Some((
    red: 0.101960786,
    green: 0.11372549,
    blue: 0.14117648,
))