Some((
    red: 0.7254902,
    green: 0.63529414,
    blue: 0.43529412,
))