Some((
    red: 0.0627451,
    green: 0.07058824,
    blue: 0.08627451,
    alpha: 1.0,
))