Some((
    red: 0.7490196,
    green: 0.38039216,
    blue: 0.41568628,
))