Some((
    red: 0.6392157,
    green: 0.74509805,
    blue: 0.54901963,
))