Some((
    red: 0.92156863,
    green: 0.79607844,
    blue: 0.54509807,
))